21.0
18.0
12.0
9.0
3.0
5.0
6.0
11.0
10.0
4.0
22.0
10.0
8.0
13.0
17.0
5.0
9.0
9.0
17.0
6.0
13.0
11.0
17.0
17.0
24.0
25.0
14.0
11.0
23.0
7.0
16.0
11.0
20.0
41.0
15.0
15.0
20.0
12.0
31.0
19.0
37.0
15.0
23.0
30.0
27.0
59.0
15.0
26.0
25.0
36.0
16.0
19.0
40.0
29.0
22.0
28.0
31.0
35.0
34.0
28.0
27.0
62.0
29.0
24.0
21.0
24.0
33.0
36.0
21.0
26.0
37.0
33.0
31.0
15.0
21.0
19.0
40.0
24.0
29.0
26.0
26.0
37.0
38.0
40.0
46.0
25.0
27.0
32.0
17.0
35.0
37.0
28.0
30.0
25.0
98.0
26.0
43.0
27.0
25.0
31.0
17.0
64.0
26.0
34.0
64.0
31.0
28.0
29.0
62.0
31.0
36.0
28.0
25.0
23.0
34.0
19.0
30.0
41.0
21.0
39.0
68.0
25.0
37.0
36.0
37.0
29.0
29.0
68.0
27.0
31.0
40.0
37.0
100.0
41.0
35.0
29.0
31.0
32.0
26.0
34.0
33.0
31.0
45.0
23.0
25.0
48.0
45.0
29.0
43.0
31.0
169.0
26.0
36.0
41.0
36.0
29.0
26.0
50.0
34.0
28.0
