17.0
29.0
14.0
21.0
15.0
14.0
11.0
20.0
15.0
9.0
7.0
8.0
19.0
3.0
18.0
11.0
5.0
22.0
13.0
36.0
21.0
19.0
11.0
19.0
20.0
20.0
25.0
9.0
21.0
21.0
20.0
24.0
18.0
21.0
23.0
15.0
24.0
33.0
20.0
27.0
32.0
28.0
26.0
30.0
28.0
26.0
28.0
25.0
16.0
17.0
28.0
43.0
30.0
61.0
48.0
25.0
40.0
37.0
39.0
48.0
53.0
38.0
31.0
45.0
39.0
28.0
30.0
43.0
38.0
51.0
30.0
24.0
36.0
100.0
18.0
36.0
16.0
30.0
37.0
45.0
19.0
43.0
29.0
42.0
46.0
34.0
32.0
46.0
47.0
53.0
43.0
45.0
49.0
41.0
33.0
50.0
45.0
54.0
50.0
48.0
67.0
43.0
43.0
49.0
53.0
37.0
40.0
32.0
42.0
49.0
49.0
35.0
48.0
52.0
52.0
67.0
53.0
38.0
29.0
37.0
32.0
60.0
46.0
43.0
48.0
107.0
34.0
36.0
53.0
38.0
32.0
29.0
55.0
28.0
26.0
35.0
41.0
183.0
53.0
196.0
39.0
31.0
57.0
41.0
64.0
45.0
51.0
50.0
54.0
37.0
