19.0
70.0
19.0
8.0
28.0
31.0
6.0
4.0
14.0
40.0
14.0
9.0
9.0
9.0
4.0
12.0
15.0
22.0
9.0
12.0
11.0
11.0
11.0
11.0
11.0
14.0
14.0
18.0
16.0
11.0
21.0
13.0
13.0
24.0
11.0
18.0
13.0
13.0
27.0
22.0
13.0
14.0
28.0
22.0
15.0
28.0
14.0
21.0
14.0
17.0
14.0
21.0
26.0
17.0
17.0
21.0
19.0
17.0
18.0
18.0
16.0
18.0
31.0
19.0
24.0
15.0
25.0
17.0
19.0
28.0
15.0
21.0
95.0
24.0
16.0
22.0
16.0
34.0
22.0
14.0
26.0
30.0
18.0
23.0
30.0
13.0
19.0
17.0
47.0
19.0
15.0
16.0
24.0
24.0
38.0
21.0
16.0
17.0
23.0
20.0
25.0
16.0
21.0
52.0
23.0
29.0
23.0
29.0
18.0
26.0
31.0
23.0
32.0
17.0
51.0
29.0
24.0
20.0
20.0
41.0
18.0
15.0
30.0
20.0
19.0
17.0
27.0
42.0
27.0
25.0
28.0
13.0
42.0
28.0
21.0
9.0
20.0
23.0
22.0
25.0
7.0
26.0
16.0
18.0
28.0
16.0
14.0
10.0
10.0
26.0
