18.0
12.0
24.0
14.0
9.0
26.0
14.0
19.0
15.0
23.0
9.0
25.0
32.0
8.0
31.0
22.0
19.0
20.0
7.0
7.0
16.0
10.0
21.0
12.0
19.0
20.0
9.0
26.0
20.0
9.0
28.0
24.0
25.0
21.0
22.0
22.0
29.0
16.0
15.0
10.0
20.0
21.0
14.0
13.0
14.0
14.0
16.0
19.0
14.0
18.0
17.0
15.0
17.0
22.0
37.0
17.0
16.0
66.0
14.0
20.0
16.0
14.0
18.0
14.0
20.0
20.0
12.0
22.0
22.0
21.0
17.0
22.0
18.0
14.0
19.0
19.0
28.0
28.0
21.0
20.0
33.0
16.0
16.0
20.0
17.0
21.0
23.0
23.0
27.0
18.0
34.0
34.0
25.0
25.0
38.0
21.0
22.0
26.0
17.0
18.0
30.0
37.0
26.0
23.0
21.0
21.0
47.0
32.0
25.0
21.0
23.0
33.0
41.0
22.0
21.0
22.0
38.0
21.0
15.0
6.0
2.0
1.0
1.0
13.0
12.0
18.0
26.0
14.0
27.0
9.0
14.0
4.0
15.0
1.0
1.0
1.0
10.0
15.0
17.0
13.0
14.0
28.0
11.0
34.0
14.0
23.0
25.0
27.0
17.0
18.0
