410.0
820.0
70.0
310.0
880.0
260.0
450.0
840.0
440.0
370.0
470.0
210.0
410.0
390.0
200.0
250.0
330.0
410.0
210.0
380.0
710.0
630.0
570.0
530.0
340.0
740.0
470.0
290.0
980.0
260.0
450.0
390.0
1230.0
420.0
660.0
560.0
410.0
430.0
1050.0
360.0
760.0
750.0
660.0
640.0
690.0
760.0
970.0
300.0
640.0
300.0
610.0
500.0
540.0
550.0
630.0
1090.0
360.0
430.0
730.0
880.0
520.0
950.0
330.0
870.0
300.0
570.0
1010.0
470.0
710.0
1130.0
960.0
1010.0
390.0
550.0
430.0
550.0
810.0
420.0
360.0
570.0
830.0
290.0
270.0
1330.0
940.0
780.0
620.0
560.0
630.0
520.0
360.0
490.0
560.0
360.0
320.0
810.0
660.0
440.0
400.0
200.0
980.0
630.0
510.0
430.0
480.0
1000.0
1280.0
850.0
490.0
640.0
370.0
530.0
330.0
480.0
680.0
310.0
340.0
760.0
370.0
620.0
970.0
350.0
490.0
270.0
990.0
770.0
320.0
700.0
570.0
860.0
610.0
580.0
710.0
2150.0
1270.0
770.0
420.0
260.0
810.0
860.0
460.0
620.0
380.0
810.0
340.0
2370.0
600.0
370.0
370.0
680.0
1170.0
660.0
490.0
530.0
500.0
880.0
400.0
540.0
1490.0
390.0
1700.0
570.0
850.0
870.0
940.0
590.0
1020.0
590.0
630.0
360.0
430.0
1010.0
750.0
480.0
610.0
670.0
1120.0
670.0
940.0
580.0
680.0
680.0
660.0
470.0
1370.0
500.0
530.0
510.0
1360.0
470.0
430.0
910.0
790.0
430.0
540.0
490.0
770.0
700.0
1430.0
1160.0
1340.0
680.0
510.0
770.0
1170.0
650.0
480.0
870.0
1090.0
580.0
840.0
810.0
400.0
330.0
510.0
310.0
650.0
590.0
1150.0
960.0
720.0
680.0
780.0
630.0
1090.0
670.0
950.0
970.0
540.0
490.0
650.0
440.0
640.0
830.0
690.0
660.0
1210.0
2150.0
800.0
310.0
500.0
830.0
2500.0
410.0
410.0
380.0
1190.0
470.0
920.0
760.0
640.0
1100.0
280.0
850.0
390.0
2150.0
760.0
600.0
1060.0
700.0
1140.0
310.0
360.0
790.0
1310.0
1110.0
1570.0
420.0
490.0
940.0
1050.0
1470.0
700.0
310.0
550.0
460.0
850.0
490.0
400.0
1600.0
560.0
740.0
420.0
880.0
3080.0
440.0
2140.0
440.0
520.0
1680.0
930.0
1210.0
820.0
430.0
840.0
540.0
440.0
990.0
1010.0
670.0
2510.0
720.0
680.0
990.0
510.0
910.0
750.0
1250.0
920.0
1540.0
670.0
930.0
420.0
650.0
850.0
800.0
990.0
770.0
860.0
660.0
980.0
1350.0
660.0
670.0
640.0
660.0
880.0
630.0
1010.0
580.0
940.0
770.0
860.0
670.0
560.0
730.0
340.0
760.0
1960.0
920.0
590.0
620.0
920.0
1570.0
770.0
1140.0
570.0
950.0
1520.0
750.0
530.0
810.0
570.0
670.0
810.0
820.0
2350.0
840.0
590.0
770.0
630.0
1140.0
620.0
760.0
860.0
660.0
290.0
590.0
640.0
710.0
1680.0
620.0
1010.0
580.0
770.0
960.0
640.0
550.0
530.0
1410.0
1350.0
950.0
1650.0
720.0
860.0
140.0
170.0
220.0
210.0
170.0
90.0
290.0
460.0
410.0
230.0
140.0
400.0
630.0
700.0
810.0
