290.0
800.0
970.0
440.0
620.0
300.0
360.0
660.0
180.0
240.0
230.0
320.0
210.0
210.0
210.0
210.0
210.0
210.0
210.0
500.0
210.0
210.0
210.0
240.0
210.0
210.0
210.0
210.0
220.0
210.0
210.0
210.0
940.0
210.0
210.0
220.0
240.0
210.0
210.0
210.0
500.0
210.0
240.0
220.0
220.0
210.0
210.0
210.0
210.0
240.0
210.0
210.0
510.0
210.0
210.0
210.0
210.0
210.0
210.0
210.0
500.0
1030.0
210.0
300.0
210.0
210.0
210.0
210.0
210.0
280.0
220.0
210.0
210.0
220.0
210.0
220.0
210.0
210.0
210.0
210.0
330.0
220.0
210.0
210.0
220.0
220.0
210.0
210.0
240.0
210.0
210.0
240.0
210.0
310.0
210.0
210.0
210.0
210.0
210.0
220.0
210.0
210.0
210.0
450.0
210.0
220.0
210.0
210.0
240.0
210.0
210.0
970.0
210.0
210.0
210.0
390.0
210.0
220.0
220.0
300.0
210.0
210.0
520.0
210.0
220.0
210.0
210.0
310.0
210.0
210.0
210.0
210.0
220.0
210.0
210.0
210.0
210.0
570.0
240.0
210.0
210.0
210.0
500.0
220.0
210.0
210.0
210.0
210.0
210.0
210.0
210.0
210.0
210.0
210.0
210.0
210.0
210.0
210.0
210.0
210.0
210.0
210.0
210.0
210.0
210.0
210.0
980.0
210.0
210.0
210.0
230.0
210.0
210.0
220.0
210.0
320.0
210.0
290.0
210.0
210.0
210.0
210.0
220.0
220.0
210.0
580.0
220.0
220.0
210.0
210.0
580.0
210.0
210.0
210.0
210.0
220.0
210.0
210.0
210.0
210.0
210.0
210.0
280.0
500.0
290.0
210.0
210.0
210.0
210.0
210.0
210.0
210.0
210.0
210.0
210.0
210.0
210.0
220.0
220.0
210.0
210.0
220.0
210.0
210.0
210.0
1080.0
210.0
220.0
210.0
220.0
210.0
210.0
210.0
210.0
210.0
210.0
210.0
1700.0
210.0
460.0
210.0
210.0
210.0
210.0
210.0
540.0
210.0
210.0
210.0
400.0
210.0
210.0
210.0
210.0
250.0
210.0
1800.0
210.0
210.0
210.0
210.0
210.0
210.0
210.0
210.0
210.0
210.0
210.0
210.0
210.0
210.0
580.0
210.0
520.0
210.0
220.0
210.0
210.0
570.0
210.0
210.0
310.0
210.0
210.0
210.0
210.0
210.0
210.0
210.0
210.0
340.0
310.0
220.0
210.0
210.0
220.0
210.0
210.0
210.0
210.0
210.0
210.0
210.0
210.0
210.0
210.0
210.0
210.0
210.0
210.0
970.0
210.0
210.0
210.0
210.0
210.0
210.0
210.0
210.0
210.0
320.0
210.0
500.0
310.0
210.0
210.0
210.0
210.0
210.0
210.0
210.0
210.0
220.0
1700.0
210.0
210.0
210.0
250.0
610.0
210.0
210.0
210.0
210.0
1700.0
210.0
210.0
240.0
210.0
210.0
210.0
210.0
570.0
210.0
210.0
210.0
220.0
210.0
210.0
210.0
220.0
210.0
210.0
210.0
210.0
210.0
580.0
210.0
210.0
210.0
280.0
210.0
210.0
210.0
210.0
210.0
210.0
900.0
210.0
210.0
210.0
210.0
210.0
210.0
930.0
210.0
240.0
210.0
210.0
210.0
210.0
210.0
210.0
210.0
210.0
210.0
210.0
210.0
210.0
210.0
210.0
210.0
210.0
210.0
210.0
210.0
210.0
280.0
220.0
210.0
210.0
210.0
210.0
210.0
230.0
310.0
220.0
240.0
210.0
210.0
210.0
210.0
210.0
210.0
210.0
330.0
210.0
250.0
1710.0
210.0
210.0
210.0
210.0
210.0
220.0
210.0
210.0
210.0
210.0
510.0
220.0
